mq-deadline 100 flow iodepth 1:
	write:  10.853809428571429 + 32.016904857142855 = 42,8707
		11.126667
		11.068333
		10.288333
		10.343333
		11.291667
		10.713333
		11.145
		
		31.756667
		31.991667
		32.596667
		32.35
		32.21
		31.793333
		31.42

zinc 100 flow iodepth 1:
	write: 10.817142857142857 + 32.576428428571425 = 43,39354 . 1.22 %
		10.336667
		11.185
		10.728333
		11.616667
		10.655
		10.873333
		10.325
		
		32.828333
		31.638333
		32.196667
		33.533333
		32.643333
		32.658333
		32.536667
		
mq-deadline 100 flow iodepth 7:
	write: 5.676666714285715 + 21.391666571428573 = 27,06826
		4.986667
		6.105
		5.165
		5.996667
		4.63
		7.223333
		5.63
		
		20.408333
		21.396667
		19.828333
		23.915
		18.483333
		24.353333
		21.356667
		
zinc 100 flow iodepth 7:
	write: 5.573333142857143 + 20.87880942857143 = 26,4518 -2.28%
		4.413333
		6.528333
		4.323333
		4.58
		7.155
		7.27
		4.743333
		
		18.308333
		22.883333
		18.53
		18.405
		24.93
		24.481667
		18.613333
		
mq-deadline 50 flow iodepth 1:		
	fill: 7.133654142857144  + 16.828087285714286 = 23,96168
		7.158091
		7.130184
		7.154549
		7.221777
		7.231917
		7.083272
		6.955789
	
		16.832603
		17.190912
		16.771535
		16.801884
		16.854631
		16.649564
		16.695482
		
	trim: 0.07110999999999999 + 0.15898242857142858 = 0,230089
		0.103104
		0.08533
		0.074669
		0.042667
		0.060444
		0.067556
		0.064
		
		0.167099
		0.149328
		0.128005
		0.202667
		0.149333
		0.163556
		0.152889
		
	write: 10.768652285714285 + 32.35470814285714 = 43,12335
		10.772567
		10.371187
		10.297255
		10.691556
		11.505778
		10.275556
		11.466667
		
		32.054609
		34.576548
		31.862466
		32.899556
		31.448889
		32.273778
		31.367111
		
zinc 50 flow iodepth 1:
	fill: 7.263098 + 16.824294428571427 = 24,087. 0.5%
		7.221303
		7.572114
		7.342198
		7.19415
		7.205886
		7.299835
		7.0062
		
		16.757289
		16.895526
		16.853769
		16.707048
		16.750528
		16.779922
		17.025979
	trim: 0.10158928571428572 + 0.13257285714285713 = 0,23407 1.7%
		0.135116
		0.067558
		0.096
		0.177784
		0.099556
		0.053333
		0.081778
		
		0.085336
		0.188451
		0.16
		0.02489
		0.124444
		0.192
		0.152889
	write: 11.278387999999998 + 32.055859 = 43,3333 0.5%
		10.798606
		11.481297
		11.712
		10.37548
		12.181333
		12.469333
		9.930667
		
		32.161144
		32.04025
		31.640889
		33.02873
		30.624
		31.886222
		33.009778
		
		
mq-deadline 50 flow iodepth 7:		
	fill:
		7.244522
		7.281091
		7.306538
		7.048278
		7.086795
		6.892059
		7.202987
		
		16.666037
		16.783383
		17.179995
		16.830583
		16.714975
		17.113384
		16.998832
	trim: 0.07060128571428573 + 0.15999614285714284 = 0,23059
		0.024889
		0.096
		0.095997
		0.081775
		0.067553
		0.042665
		0.08533
		
		0.206222
		0.135111
		0.131551
		0.149328
		0.16355
		0.188438
		0.145773	
	write: 3.7855375714285713 + 15.786182714285715 = 19,5715
		4.213333
		3.704757
		3.302994
		3.942971
		3.797198
		3.544763
		3.992747
		
		15.242667
		16.305198
		16.362085
		15.661665
		15.789661
		15.661665
		15.480338

zinc 50 flow iodepth 7:
	fill:
		7.187568
		7.250664
		7.114971
		7.16559
		6.939936
		7.400149
		7.394229
		
		16.746963
		16.793984
		16.944333
		17.008773
		17.000369
		16.686788
		16.859677
	trim: 0.057778142857142875 + 0.117422 = 0,1747 -31.99%
		0.078444
		0.058389
		0.054627
		0.089888
		0.013066
		0.038121
		0.071912
		
		0.091518
		0.123648
		0.112468
		0.089888
		0.160057
		0.139776
		0.104599
	write: 4.076936 +17.076779142857145 = 21,1529 8.1%
		4.49093
		3.987635
		3.75964
		3.833921
		3.929575
		4.212332
		4.324519	
		
		17.002778
		16.647776
		17.483933
		16.860264
		17.135951
		17.487849
		16.918903
		
for i in ${se[@]}; do cat FINDAT-write_iod_7-wflow_50-mq_deadline-${i}.json | jq '."jobs"[2]."sys_cpu"'; done		
